(15202) (0)
(15210) (1)
(15706) (0)
(15226) (0)
(15242) (0)
(15266) (0)
(15274) (1)
(15290) (0)
(15298) (0)
(15362) (0)
(15386) (0)
(15394) (0)
(15402) (1)
(15434) (0)
(15458) (0)
(15466) (1)
(15498) (0)
(15538) (1)
(15554) (0)
(15506) (0)
(15578) (1)
(15602) (0)
(15618) (0)
(15626) (0)
(15586) (1)
(15658) (0)
(15219) (0)
(15259) (0)
(15371) (300)
(15427) (0)
(15305) (Letter)
(15345) ()
(15353) ()
(15441) (Normalize)
(15473) (Untitled)
(15593) (Normal)
(15681) ()
(15548) (3932160)
(15316) (51904512)
(15324) (40108032)
(15412) (0)
(15420) (1179648)
